[[1013.3723,-1627.218,43.0436, 1]
968.2939, -1589.8623, 40.6679
1049.4836, -1498.2319, 39.8565
1070.2572, -1626.1534, 39.0552
972.0224, -1600.2905, 40.7207
971.0995, -1552.0247, 42.9974
1039.8345, -1562.71, 42.0695
994.6571, -1614.222, 46.7892
1054.0134, -19605.4868, 39.6835
959.8195, -1578.8711, 40.2791
977.0855, -1567.6987, 44.7845
967.2654, -1565.2051, 40.1999
1007.472, -1643.8732, 40.7879
1002.9727, -1572.5625, 43.5269
1004.2567, -1595.2853, 40.3417
1016.9865, -1497.0132, 39.5996
1044.4313, -1580.0198, 43.1965
1012.8303, -1529.0876, 39.6697
1045.7712, -1536.5555, 42.4047
999.8335, -1631.9478, 40.7406
1033.3955, -1530.1747, 39.5464
993.4799, -1576.2223, 40.4328
999.6973, -1510.9559, 39.2782
1025.7268, -1572.993, 39.5777
1009.4612, -1555.9109, 39.9372
1020.3666, -1512.7859, 38.9541
1022.7631, -1619.8114, 43.4246
979.869, -1631.4923, 40.8246
988.8759, -1619.8175, 47.9138
968.787, -1575.1124, 40.4147
1051.4075, -1530.9238, 42.663
1030.9447, -1492.6658, 40.4035
1037.6663, -1516.1077, 46.3129
992.4428, -1539.2546, 42.8834
994.1952, -1621.097, 47.7821
958.9617, -1558.2646, 39.8422
1009.499, -1502.0016, 39.1223
1049.3993, -1605.1897, 42.1206
991.5828, -1547.6567, 45.9798
1046.4805, -1592.951, 39.3737
997.5055, -1537.7175, 40.0037
1001.7103, -1567.8411, 43.4395
1011.0864, -1563.5194, 43.622
1051.7543, -1540.1603, 39.4463
974.3287, -1583.839, 40.6148
1048.1244, -1583.5793, 42.5421
989.3378, -1519.4415, 40.207
989.1219, -1519.6274, 40.2131
987.3886, -1542.7433, 42.8205
1019.8171, -1563.1049, 39.766
1051.5787, -1598.4702, 42.4189
980.0795, -1614.7781, 40.6973
1034.9962, -1519.5455, 46.4201
1030.3613, -1614.1272, 39.6846
1037.7312, -1577.8698, 39.6005
988.2701, -1557.767, 40.3047
1016.8527, -1588.4268, 39.7132
1022.3918, -1587.3149, 39.8893
1061.009, -1534.9148, 39.5278
965.2219, -1559.0643, 43.2043
975.4958, -1575.4025, 44.3244
1030.5341, -1582.3368, 39.6308
1048.6765, -1599.2252, 42.3318
1010.9828, -1570.6777, 42.5269
1053.887, -1559.5317, 39.6837
1054.7396, -1603.3763, 45.1354
1029.0403, -1540.5514, 39.691
1047.7787, -1513.2068, 39.657
974.3191, -1544.8898, 39.2416
1020.5318, -1505.8093, 39.3961
998.2997, -1586.0221, 40.3877
1067.1544, -1630.7605, 39.4139
1029.9623, -1621.5646, 39.8431
1020.2825, -1610.5986, 39.9632
997.355, -1570.2292, 43.6246
1031.0071, -1557.3411, 41.945
1036.8119, -1565.5103, 42.1302
974.6442, -1538.0601, 39.3429
1023.79, -1637.885, 40.5848
1006.2818, -1619.9528, 40.4273
1033.2094, -1641.1611, 40.397
981.581, -1625.4614, 40.8144
994.9526, -1525.1147, 40.1067
952.1982, -1549.4775, 39.7848
952.1982, -1549.4775, 39.7848
1036.5966, -1588.7078, 39.6906
1019.2537, -1602.2709, 39.8841
977.8057, -1557.2695, 40.1931
1052.4292, -1587.5088, 42.8333
1021.7408, -1566.571, 39.7063
1043.9594, -1493.9108, 39.8605
1049.4409, -1520.0779, 39.6094
1047.8672, -1574.8307, 39.4632
1005.6345, -1534.3062, 39.9242
1010.497, -1577.251, 43.5107
1009.7413, -1608.1587, 40.1897
1034.7457, -1600.9363, 39.6
1065.8691, -1604.7229, 38.8079
1044.4185, -1580.0253, 43.1977
988.3647, -1532.0493, 39.9409
982.2265, -1525.1765, 40.2088
1017.5245, -1574.7766, 43.4288
1044.879, -1565.6971, 39.5417
981.5077, -1583.1827, 43.8755
949.9474, -1557.2815, 39.5616
1038.2892, -1535.7783, 39.6577
983.7878, -1589.709, 44.0063
1008.2804, -1637.2924, 40.7829
953.7312, -1570.3145, 39.8308
1005.2834, -1516.1671, 39.2386
1023.6199, -1535.5889, 39.6703
989.6918, -1614.1323, 47.1209
1044.0707, -1544.0055, 39.711
996.7852, -1563.7628, 40.3168
1035.8092, -1559.6384, 41.903
1008.9299, -1583.6261, 39.7487
1028.5438, -1601.4269, 39.7166
981.5604, -1599.8075, 40.6023
993.0107, -1638.814, 40.812
983.9758, -1547.5118, 39.415
994.6598, -1609.5571, 47.1616
1042.5155, -1616.3644, 39.3822
1020.3715, -1631.3732, 43.8495
1024.6879, -1636.7473, 40.5408
